Bank,Type,2011,2012,2013,2014,2015,2016,2017,2018,2019,2020,2021,2022,2023,2024
CMBC,年营收,824,1031,1159,1355,1544,1552,1442,1567,1804,1849,1688,1424,1408,1363
CMBC,利润,372,507,571,598,608,602,608,692,649,371,361,374,373,341
HXB,年营收,335,397,452,549,589,640,664,722,847,953,959,938,932,971
HXB,利润,125,172,207,240,252,262,263,268,276,272,315,336,354,359
CEB,年营收,461,599,653,785,932,940,919,1102,1328,1425,1527,1516,1457,1354
CEB,利润,242,316,344,386,394,402,406,409,452,455,529,560,498,515
CITIC,年营收,769,894,1046,1247,1451,1538,1567,1649,1876,1947,2046,2114,2059,2136
CITIC,利润,416,416,525,546,546,546,523,545,565,578,656,733,749,809 

根据如上银行的财报生成一个股份制银行财务报表展示网站，以 echarts 图表为主，要求使用亮丽颜色，使用多种图表，使用渐变色等展示四家银行的财务对比信息，以及各家银行的历年营收和总利润的对比趋势, 要求对比的维度越多越好
